15
0 75
-0.08027135296
-0.06689652918
-0.1529267281
-0.07287077095
-0.1280383439
-0.0828746682
-0.08086312948
-0.09235165297
-0.00726533763
-0.09348690459
0.08852360055
-0.07619544607
0.1839445591
-0.03307932226
0.2329023788
0.03061097081
0.1806278256
0.08706254166
0.01212690437
0.09132640068
-0.1854207889
0.01888972249
-0.2305821297
-0.08019771567
-0.02058570962
-0.08984808485
0.2351379354
0.02956914773
0.144246162
0.1084612186
-0.2138457479
-0.01685068477
-0.1543752836
-0.1133442098
0.2714538039
0.06693499288
0.00474134755
0.07026910308
-0.2912562384
-0.1459178294
0.3566244118
0.1327210839
-0.2628820131
-0.08294447349
0.1431665256
0.04010078521
-0.06227461965
-0.01585429191
0.02255875679
0.005296529285
-0.006987977575
-0.001528300341
0.001885644926
0.0003869908684
-0.0004494178855
-0.8704630327e-4
0.956307142e-4
0.1756124893e-4
-0.1832911554e-4
-0.3203109492e-5
0.3186186216e-5
0.5316656631e-6
-0.5060130109e-6
-0.8079537702e-7
0.7350576722e-7
0.1127997983e-7
-0.9954498274e-8
-0.1461428698e-8
0.119851403e-8
0.1723885789e-9
-0.153452827e-9
-0.2029919654e-10
0.1135815003e-10
0.1691946189e-11
-0.2531225199e-11
-0.2951105074e-12

1 35
0.3566244118
0.2654421678
-0.5257640261
-0.165888947
0.2863330513
0.08020157043
-0.1245492393
-0.03170858381
0.04511751359
0.01059305857
-0.01397595515
-0.003056600683
0.003771289852
0.0007739817369
-0.0008988357709
-0.0001740926065
0.0001912614284
0.3512249786e-4
-0.3665823107e-4
-0.6406218983e-5
0.6372372432e-5
0.1063331326e-5
-0.1012026022e-5
-0.161590754e-6
0.1470115344e-6
0.2255995966e-7
-0.1990899655e-7
-0.2922857397e-8
0.2397028061e-8
0.3447771577e-9
-0.306905654e-9
-0.4059839308e-10
0.2271630005e-10
0.3383892378e-11
-0.5062450399e-11
-0.5902210147e-12

2 39
-0.08027135296
-0.06689652918
-0.1529267281
-0.07287077095
-0.1280383439
-0.0828746682
-0.08086312948
-0.09235165297
-0.007265337641
-0.09348690457
0.08852360071
-0.07619544624
0.1839445579
-0.0330793208
0.2329023888
0.03061095953
0.1806277521
0.08706262245
0.01212741039
0.09132586902
-0.185423975
0.0188929256
-0.2305638006
-0.08021527692
-0.02068134033
-0.08976103854
0.2355873533
0.02918215686
0.1423605171
0.1099895189
-0.2068577703
-0.02214721406
-0.1769340404
-0.09748991794
0.3337284235
0.02683420767
-0.1384251781
0.1532135766
-0.02837422532
-0.2786389133

3 15
0.6372372432e-5
0.2126662652e-5
-0.2024052044e-5
-0.3231815081e-6
0.2940230689e-6
0.4511991931e-7
-0.398179931e-7
-0.5845714794e-8
0.4794056121e-8
0.6895543154e-9
-0.613811308e-9
-0.8119678615e-10
0.4543260011e-10
0.6767784755e-11
-0.101249008e-10
-0.1180442029e-11

4 19
0.3566244118
0.2654421678
-0.5257640261
-0.165888947
0.2863330513
0.08020157043
-0.1245492393
-0.03170858382
0.04511751357
0.01059305861
-0.01397595484
-0.003056601027
0.003771287455
0.0007739846597
-0.0008988158619
-0.0001741151665
0.0001911144169
0.3528408861e-4
-0.3564620505e-4
-0.746955031e-5

5 19
-0.185423975
0.0377858512
-0.4611276013
-0.1604305538
-0.04136268067
-0.1795220771
0.4711747065
0.05836431372
0.2847210341
0.2199790378
-0.4137155406
-0.04429442812
-0.3538680808
-0.1949798359
0.667456847
0.05366841534
-0.2768503562
0.3064271531
-0.05674845065
-0.5572778266

6 19
-0.08027135296
0.2117423841
-0.1245525028
-0.2260843475
0.01038683415
-0.1097088759
-0.414591553
0.005138264969
0.1696687028
-0.07133969051
0.295381371
-0.1861849652
0.04158404086
-0.06226147766
-0.002684964494
0.1203719981
0.2013090924
0.1672778994
0.242691211
0.07243294342

7 5
-0.613811308e-9
-0.1623935723e-9
0.9086520022e-10
0.1353556951e-10
-0.202498016e-10
-0.2360884059e-11

8 9
0.6372372432e-5
0.2126662652e-5
-0.2024052044e-5
-0.3231815081e-6
0.2940230689e-6
0.4512109976e-7
-0.398078682e-7
-0.5852482579e-8
0.4748623521e-8
0.7707511016e-9

9 9
-0.01397595484
-0.006113202055
0.007542574911
0.001547969319
-0.001797631724
-0.000348230333
0.0003822288337
0.7056817722e-4
-0.712924101e-4
-0.1493910062e-4

10 9
0.3566244118
0.2654496373
-0.5257283799
-0.1659242311
0.2861419369
0.08037568559
-0.1236504234
-0.03248256848
0.04134622611
0.01364965964

11 9
-0.4137155406
-0.08858885623
-0.7077361617
-0.3899596718
1.334913694
0.1073368307
-0.5537007124
0.6128543063
-0.1134969013
-1.114555653

12 9
-0.185423975
0.5950636778
-0.4043791506
-0.466857707
0.2354876755
-0.2331904924
-0.1962821405
0.2533441496
0.638589115
0.2642734659

13 9
0.295381371
-0.3723699303
0.08316808172
-0.1245229553
-0.005369928987
0.2407439961
0.4026181849
0.3345557987
0.485382422
0.1448658868

14 9
-0.08027135296
0.1393094407
-0.3672437138
-0.3933622469
-0.1909222583
-0.2300808739
-0.4119065885
0.06739974263
0.1280846619
0.1148452746

