7
0 31
0.9608266985e-15
0.2004200788
0.1836259635e-14
0.02038527208
0.1601419758e-14
0.006144366718
0.1272796697e-14
0.002396320994
0.9196182269e-15
0.001008864113
0.6017821666e-15
0.0004262266598
0.3548265017e-15
0.0001737174032
0.1872032118e-15
0.6651722763e-4
0.8755357591e-16
0.2341794199e-4
0.358441249e-16
0.7424293194e-5
0.126240552e-16
0.2071112242e-5
0.3731389941e-17
0.4938674267e-6
0.8918939751e-18
0.9668476203e-7
0.1622856983e-18
0.1459164134e-7
0.2007478004e-19
0.1513006821e-8
0.1273167787e-20
0.8114861302e-10

1 15
0.8755357591e-16
0.4683588398e-4
0.7168824981e-16
0.1484858639e-4
0.252481104e-16
0.4142224484e-5
0.7462779883e-17
0.9877348534e-6
0.178378795e-17
0.1933695241e-6
0.3245713967e-18
0.2918328268e-7
0.4014956007e-19
0.3026013643e-8
0.2546335574e-20
0.162297226e-9

2 15
0.9608266985e-15
0.2004200787
0.1836258362e-14
0.02038527057
0.1601399683e-14
0.006144352126
0.1272634412e-14
0.002396224309
0.9187263329e-15
0.001008370245
0.5980507766e-15
0.0004241555475
0.3422024465e-15
0.00016629311
0.1513590869e-15
0.4309928563e-4

3 7
0.178378795e-17
0.3867390481e-6
0.6491427934e-18
0.5836656537e-7
0.8029912014e-19
0.6052027285e-8
0.5092671148e-20
0.3245944521e-9

4 7
0.8755357591e-16
0.4683572169e-4
0.7168570347e-16
0.1484556037e-4
0.2520796084e-16
0.4113041201e-5
0.7138208486e-17
0.7943653294e-6

5 7
0.9187263329e-15
0.002016740491
0.1196101553e-14
0.0008483110951
0.6844048931e-15
0.0003325862201
0.3027181738e-15
0.8619857127e-4

6 7
0.9608266985e-15
0.2003769794
0.1684899275e-14
0.02021897746
0.1259197236e-14
0.005720196579
0.6745836351e-15
0.001387854064

