15
0 59
-0.21723396226668855
-0.056455156176228185
-0.43488242420513659
-0.050411698744358917
-0.43793863957409878
-0.039916217661921208
-0.44813287040679449
-0.028684347413970345
-0.46935671547262919
-0.022999376313826108
-0.49856312296040408
-0.030614583970954122
-0.51779872340888525
-0.056128435020732462
-0.49183804419230285
-0.092504982743242497
-0.38533019232262809
-0.11476110597257933
-0.20741951935852452
-0.090623556631916045
-0.053494395146506312
-0.018261607434632317
-0.058419300762727352
0.039405420083093932
-0.21526006141139435
0.003764336030247521
-0.26513551593143315
-0.080186009999403619
-0.030194138094870908
-0.048124156063272273
0.11674848976884277
0.064948700860489057
-0.14957480693954412
-0.006289941699993655
-0.13780980282152958
-0.083378272779132672
0.21131417516404909
0.09241536515119209
-0.21564555901328301
-0.070122967853132365
0.1164131424794055
0.034764632051480837
-0.061398176042494826
-0.01556471410521126
0.019426586090230516
0.0048156963872466988
-0.0080031386678985838
-0.0016841104666696418
0.0013424503264896442
0.00030616355837303658
-0.00067475928156572297
-0.0001199031557578406
0.89739614597887793e-5
0.47803669134572563e-5
-0.45075364388216766e-4
-0.70174672780438559e-5
-0.37640919430990063e-5
-0.47545076021261857e-6
-0.15990186088549553e-5
-0.23658667586961395e-6

1 27
-0.14957480693954412
-0.01257988339998731
-0.27561960564305915
-0.16675654555826534
0.42262835032809819
0.18483073030238418
-0.43129111802656602
-0.14024593570626473
0.23282628495881099
0.069529264102961674
-0.12279635208498965
-0.03112942821042252
0.038853172180461032
0.0096313927744933975
-0.016006277335797168
-0.0033682209333392837
0.0026849006529792883
0.00061232711674607315
-0.0013495185631314459
-0.00023980631151568119
0.17947922919577559e-4
0.95607338269145126e-5
-0.90150728776433532e-4
-0.14034934556087712e-4
-0.75281838861980125e-5
-0.95090152042523713e-6
-0.31980372177099107e-5
-0.47317335173922789e-6

2 31
-0.21723396226668855
-0.056455156176228185
-0.43488242420513659
-0.050411698744358917
-0.43793863957409878
-0.039915981075245338
-0.44813127138818564
-0.028683871963210133
-0.46935295138068609
-0.022992358846548064
-0.49851804759601587
-0.030619364337867579
-0.51780769737034504
-0.056008531864974622
-0.49116328491073713
-0.092811146301615534
-0.38667264264911774
-0.11307699550590968
-0.19941638069062594
-0.095439253019162744
-0.072920981236736828
-0.0026968933294210567
0.0029788752797674746
0.0046407880316130954
-0.33167320389079985
0.073887303883379886
-0.049489956918150145
-0.17260137515059571
-0.24150831325892
0.035254116715860399
0.25455829259037235
0.071238642560482712

3 11
0.0026849006529792883
0.0012246542334921463
-0.0026990371262628919
-0.00047961262303136239
0.35895845839155117e-4
0.19121467653829025e-4
-0.00018030145755286706
-0.28069869112175424e-4
-0.15056367772396025e-4
-0.19018030408504743e-5
-0.63960744354198213e-5
-0.94634670347845578e-6

4 15
-0.14957480693954412
-0.01257988339998731
-0.27561960564305915
-0.16675654555826534
0.42262835032809819
0.18483120347573592
-0.43128791998934831
-0.1402449848047443
0.23283381314269719
0.069543299037517761
-0.12270620135621322
-0.031138988944249434
0.038835224257541454
0.0098711990860090787
-0.014656758772665722
-0.0039805480500853568

5 15
-0.38667264264911774
-0.22615399101181937
-0.39883276138125187
-0.19087850603832549
-0.14584196247347366
-0.0053937866588421134
0.0059577505595349492
0.0092815760632261908
-0.66334640778159969
0.14777460776675977
-0.098979913836300289
-0.34520275030119142
-0.48301662651784
0.070508233431720797
0.5091165851807447
0.14247728512096542

6 15
-0.21723396226668855
-0.1276937987367109
-0.68944071679550894
-0.085665815460219315
-0.19643032631517878
0.13268539407535037
-0.39864131447003549
-0.10257117584659002
-0.13767974748988624
-0.027633146878161159
-0.50149692287578334
-0.027922471008446522
-0.44488671613360821
0.039430721154188122
-0.29174690422011119
0.020265849204294151

7 3
-0.15056367772396025e-4
-0.38036060817009485e-5
-0.12792148870839643e-4
-0.18926934069569116e-5

8 7
0.0026849006529792883
0.0012246542334921463
-0.0026990371262628919
-0.00047961262303136239
0.35895845839155117e-4
0.20067814357307481e-4
-0.00017390538311744724
-0.26168066071324949e-4

9 7
0.23283381314269719
0.13908659807503552
-0.24541240271242644
-0.062277977888498869
0.077670448515082908
0.019742398172018157
-0.029313517545331443
-0.0079610961001707136

10 7
-0.14957480693954412
-0.0085993353499019533
-0.26096284687039343
-0.17662774464427442
0.38379312607055673
0.21597019241998535
-0.30858171863313509
-0.20978828384226207

11 7
-0.66334640778159969
0.29554921553351954
-0.19795982767260058
-0.69040550060238283
-0.96603325303568001
0.14101646686344159
1.0182331703614894
0.28495457024193085

12 7
-0.38667264264911774
-0.36863127613278479
-0.90794934656199657
-0.26138673947004628
0.33717466404436635
0.3398089636423493
0.10493766439583524
-0.13849303170353358

13 7
-0.13767974748988624
-0.055266293756322318
-1.0029938457515667
-0.055844942016893044
-0.88977343226721643
0.078861442308376244
-0.58349380844022238
0.040531698408588302

14 7
-0.21723396226668855
-0.14795964794100505
-0.39769381257539775
-0.12509653661440744
0.24845638981842943
0.16060786508379689
0.10285560840574785
-0.07493802896842886

