-10.000000
-9.973924
-9.947849
-9.921773
-9.895698
-9.869622
-9.843546
-9.817471
-9.791395
-9.765319
-9.739244
-9.713168
-9.687093
-9.661017
-9.634941
-9.608866
-9.582790
-9.556714
-9.530639
-9.504563
-9.478488
-9.452412
-9.426336
-9.400261
-9.374185
-9.348110
-9.322034
-9.295958
-9.269883
-9.243807
-9.217731
-9.191656
-9.165580
-9.139505
-9.113429
-9.087353
-9.061278
-9.035202
-9.009126
-8.983051
-8.956975
-8.930900
-8.904824
-8.878748
-8.852673
-8.826597
-8.800522
-8.774446
-8.748370
-8.722295
-8.696219
-8.670143
-8.644068
-8.617992
-8.591917
-8.565841
-8.539765
-8.513690
-8.487614
-8.461538
-8.435463
-8.409387
-8.383312
-8.357236
-8.331160
-8.305085
-8.279009
-8.252934
-8.226858
-8.200782
-8.174707
-8.148631
-8.122555
-8.096480
-8.070404
-8.044329
-8.018253
-7.992177
-7.966102
-7.940026
-7.913950
-7.887875
-7.861799
-7.835724
-7.809648
-7.783572
-7.757497
-7.731421
-7.705346
-7.679270
-7.653194
-7.627119
-7.601043
-7.574967
-7.548892
-7.522816
-7.496741
-7.470665
-7.444589
-7.418514
-7.392438
-7.366362
-7.340287
-7.314211
-7.288136
-7.262060
-7.235984
-7.209909
-7.183833
-7.157757
-7.131682
-7.105606
-7.079531
-7.053455
-7.027379
-7.001304
-6.975228
-6.949153
-6.923077
-6.897001
-6.870926
-6.844850
-6.818774
-6.792699
-6.766623
-6.740548
-6.714472
-6.688396
-6.662321
-6.636245
-6.610169
-6.584094
-6.558018
-6.531943
-6.505867
-6.479791
-6.453716
-6.427640
-6.401565
-6.375489
-6.349413
-6.323338
-6.297262
-6.271186
-6.245111
-6.219035
-6.192960
-6.166884
-6.140808
-6.114733
-6.088657
-6.062581
-6.036506
-6.010430
-5.984355
-5.958279
-5.932203
-5.906128
-5.880052
-5.853977
-5.827901
-5.801825
-5.775750
-5.749674
-5.723598
-5.697523
-5.671447
-5.645372
-5.619296
-5.593220
-5.567145
-5.541069
-5.514993
-5.488918
-5.462842
-5.436767
-5.410691
-5.384615
-5.358540
-5.332464
-5.306389
-5.280313
-5.254237
-5.228162
-5.202086
-5.176010
-5.149935
-5.123859
-5.097784
-5.071708
-5.045632
-5.019557
-4.993481
-4.967405
-4.941330
-4.915254
-4.889179
-4.863103
-4.837027
-4.810952
-4.784876
-4.758801
-4.732725
-4.706649
-4.680574
-4.654498
-4.628422
-4.602347
-4.576271
-4.550196
-4.524120
-4.498044
-4.471969
-4.445893
-4.419817
-4.393742
-4.367666
-4.341591
-4.315515
-4.289439
-4.263364
-4.237288
-4.211213
-4.185137
-4.159061
-4.132986
-4.106910
-4.080834
-4.054759
-4.028683
-4.002608
-3.976532
-3.950456
-3.924381
-3.898305
-3.872229
-3.846154
-3.820078
-3.794003
-3.767927
-3.741851
-3.715776
-3.689700
-3.663625
-3.637549
-3.611473
-3.585398
-3.559322
-3.533246
-3.507171
-3.481095
-3.455020
-3.428944
-3.402868
-3.376793
-3.350717
-3.324641
-3.298566
-3.272490
-3.246415
-3.220339
-3.194263
-3.168188
-3.142112
-3.116037
-3.089961
-3.063885
-3.037810
-3.011734
-2.985658
-2.959583
-2.933507
-2.907432
-2.881356
-2.855280
-2.829205
-2.803129
-2.777053
-2.750978
-2.724902
-2.698827
-2.672751
-2.646675
-2.620600
-2.594524
-2.568449
-2.542373
-2.516297
-2.490222
-2.464146
-2.438070
-2.411995
-2.385919
-2.359844
-2.333768
-2.307692
-2.281617
-2.255541
-2.229465
-2.203390
-2.177314
-2.151239
-2.125163
-2.099087
-2.073012
-2.046936
-2.020860
-1.994785
-1.968709
-1.942634
-1.916558
-1.890482
-1.864407
-1.838331
-1.812256
-1.786180
-1.760104
-1.734029
-1.707953
-1.681877
-1.655802
-1.629726
-1.603651
-1.577575
-1.551499
-1.525424
-1.499348
-1.473272
-1.447197
-1.421121
-1.395046
-1.368970
-1.342894
-1.316819
-1.290743
-1.264668
-1.238592
-1.212516
-1.186441
-1.160365
-1.134289
-1.108214
-1.082138
-1.056063
-1.029987
-1.003911
-0.977836
-0.951760
-0.925684
-0.899609
-0.873533
-0.847458
-0.821382
-0.795306
-0.769231
-0.743155
-0.717080
-0.691004
-0.664928
-0.638853
-0.612777
-0.586701
-0.560626
-0.534550
-0.508475
-0.482399
-0.456323
-0.430248
-0.404172
-0.378096
-0.352021
-0.325945
-0.299870
-0.273794
-0.247718
-0.221643
-0.195567
-0.169492
-0.143416
-0.117340
-0.091265
-0.065189
-0.039113
-0.013038
0.013038
0.039113
0.065189
0.091265
0.117340
0.143416
0.169492
0.195567
0.221643
0.247718
0.273794
0.299870
0.325945
0.352021
0.378096
0.404172
0.430248
0.456323
0.482399
0.508475
0.534550
0.560626
0.586701
0.612777
0.638853
0.664928
0.691004
0.717080
0.743155
0.769231
0.795306
0.821382
0.847458
0.873533
0.899609
0.925684
0.951760
0.977836
1.003911
1.029987
1.056063
1.082138
1.108214
1.134289
1.160365
1.186441
1.212516
1.238592
1.264668
1.290743
1.316819
1.342894
1.368970
1.395046
1.421121
1.447197
1.473272
1.499348
1.525424
1.551499
1.577575
1.603651
1.629726
1.655802
1.681877
1.707953
1.734029
1.760104
1.786180
1.812256
1.838331
1.864407
1.890482
1.916558
1.942634
1.968709
1.994785
2.020860
2.046936
2.073012
2.099087
2.125163
2.151239
2.177314
2.203390
2.229465
2.255541
2.281617
2.307692
2.333768
2.359844
2.385919
2.411995
2.438070
2.464146
2.490222
2.516297
2.542373
2.568449
2.594524
2.620600
2.646675
2.672751
2.698827
2.724902
2.750978
2.777053
2.803129
2.829205
2.855280
2.881356
2.907432
2.933507
2.959583
2.985658
3.011734
3.037810
3.063885
3.089961
3.116037
3.142112
3.168188
3.194263
3.220339
3.246415
3.272490
3.298566
3.324641
3.350717
3.376793
3.402868
3.428944
3.455020
3.481095
3.507171
3.533246
3.559322
3.585398
3.611473
3.637549
3.663625
3.689700
3.715776
3.741851
3.767927
3.794003
3.820078
3.846154
3.872229
3.898305
3.924381
3.950456
3.976532
4.002608
4.028683
4.054759
4.080834
4.106910
4.132986
4.159061
4.185137
4.211213
4.237288
4.263364
4.289439
4.315515
4.341591
4.367666
4.393742
4.419817
4.445893
4.471969
4.498044
4.524120
4.550196
4.576271
4.602347
4.628422
4.654498
4.680574
4.706649
4.732725
4.758801
4.784876
4.810952
4.837027
4.863103
4.889179
4.915254
4.941330
4.967405
4.993481
5.019557
5.045632
5.071708
5.097784
5.123859
5.149935
5.176010
5.202086
5.228162
5.254237
5.280313
5.306389
5.332464
5.358540
5.384615
5.410691
5.436767
5.462842
5.488918
5.514993
5.541069
5.567145
5.593220
5.619296
5.645372
5.671447
5.697523
5.723598
5.749674
5.775750
5.801825
5.827901
5.853977
5.880052
5.906128
5.932203
5.958279
5.984355
6.010430
6.036506
6.062581
6.088657
6.114733
6.140808
6.166884
6.192960
6.219035
6.245111
6.271186
6.297262
6.323338
6.349413
6.375489
6.401565
6.427640
6.453716
6.479791
6.505867
6.531943
6.558018
6.584094
6.610169
6.636245
6.662321
6.688396
6.714472
6.740548
6.766623
6.792699
6.818774
6.844850
6.870926
6.897001
6.923077
6.949153
6.975228
7.001304
7.027379
7.053455
7.079531
7.105606
7.131682
7.157757
7.183833
7.209909
7.235984
7.262060
7.288136
7.314211
7.340287
7.366362
7.392438
7.418514
7.444589
7.470665
7.496741
7.522816
7.548892
7.574967
7.601043
7.627119
7.653194
7.679270
7.705346
7.731421
7.757497
7.783572
7.809648
7.835724
7.861799
7.887875
7.913950
7.940026
7.966102
7.992177
8.018253
8.044329
8.070404
8.096480
8.122555
8.148631
8.174707
8.200782
8.226858
8.252934
8.279009
8.305085
8.331160
8.357236
8.383312
8.409387
8.435463
8.461538
8.487614
8.513690
8.539765
8.565841
8.591917
8.617992
8.644068
8.670143
8.696219
8.722295
8.748370
8.774446
8.800522
8.826597
8.852673
8.878748
8.904824
8.930900
8.956975
8.983051
9.009126
9.035202
9.061278
9.087353
9.113429
9.139505
9.165580
9.191656
9.217731
9.243807
9.269883
9.295958
9.322034
9.348110
9.374185
9.400261
9.426336
9.452412
9.478488
9.504563
9.530639
9.556714
9.582790
9.608866
9.634941
9.661017
9.687093
9.713168
9.739244
9.765319
9.791395
9.817471
9.843546
9.869622
9.895698
9.921773
9.947849
9.973924
10.000000
