-10.000000
-9.921260
-9.842520
-9.763780
-9.685039
-9.606299
-9.527559
-9.448819
-9.370079
-9.291339
-9.212598
-9.133858
-9.055118
-8.976378
-8.897638
-8.818898
-8.740157
-8.661417
-8.582677
-8.503937
-8.425197
-8.346457
-8.267717
-8.188976
-8.110236
-8.031496
-7.952756
-7.874016
-7.795276
-7.716535
-7.637795
-7.559055
-7.480315
-7.401575
-7.322835
-7.244094
-7.165354
-7.086614
-7.007874
-6.929134
-6.850394
-6.771654
-6.692913
-6.614173
-6.535433
-6.456693
-6.377953
-6.299213
-6.220472
-6.141732
-6.062992
-5.984252
-5.905512
-5.826772
-5.748031
-5.669291
-5.590551
-5.511811
-5.433071
-5.354331
-5.275591
-5.196850
-5.118110
-5.039370
-4.960630
-4.881890
-4.803150
-4.724409
-4.645669
-4.566929
-4.488189
-4.409449
-4.330709
-4.251969
-4.173228
-4.094488
-4.015748
-3.937008
-3.858268
-3.779528
-3.700787
-3.622047
-3.543307
-3.464567
-3.385827
-3.307087
-3.228346
-3.149606
-3.070866
-2.992126
-2.913386
-2.834646
-2.755906
-2.677165
-2.598425
-2.519685
-2.440945
-2.362205
-2.283465
-2.204724
-2.125984
-2.047244
-1.968504
-1.889764
-1.811024
-1.732283
-1.653543
-1.574803
-1.496063
-1.417323
-1.338583
-1.259843
-1.181102
-1.102362
-1.023622
-0.944882
-0.866142
-0.787402
-0.708661
-0.629921
-0.551181
-0.472441
-0.393701
-0.314961
-0.236220
-0.157480
-0.078740
0.000000
