-1.729797
-1.725286
-1.720776
-1.716265
-1.711755
-1.707244
-1.702734
-1.698223
-1.693713
-1.689202
-1.684691
-1.680181
-1.675670
-1.671160
-1.666649
-1.662139
-1.657628
-1.653118
-1.648607
-1.644096
-1.639586
-1.635075
-1.630565
-1.626054
-1.621544
-1.617033
-1.612523
-1.608012
-1.603502
-1.598991
-1.594480
-1.589970
-1.585459
-1.580949
-1.576438
-1.571928
-1.567417
-1.562907
-1.558396
-1.553885
-1.549375
-1.544864
-1.540354
-1.535843
-1.531333
-1.526822
-1.522312
-1.517801
-1.513290
-1.508780
-1.504269
-1.499759
-1.495248
-1.490738
-1.486227
-1.481717
-1.477206
-1.472695
-1.468185
-1.463674
-1.459164
-1.454653
-1.450143
-1.445632
-1.441122
-1.436611
-1.432101
-1.427590
-1.423079
-1.418569
-1.414058
-1.409548
-1.405037
-1.400527
-1.396016
-1.391506
-1.386995
-1.382484
-1.377974
-1.373463
-1.368953
-1.364442
-1.359932
-1.355421
-1.350911
-1.346400
-1.341889
-1.337379
-1.332868
-1.328358
-1.323847
-1.319337
-1.314826
-1.310316
-1.305805
-1.301294
-1.296784
-1.292273
-1.287763
-1.283252
-1.278742
-1.274231
-1.269721
-1.265210
-1.260700
-1.256189
-1.251678
-1.247168
-1.242657
-1.238147
-1.233636
-1.229126
-1.224615
-1.220105
-1.215594
-1.211083
-1.206573
-1.202062
-1.197552
-1.193041
-1.188531
-1.184020
-1.179510
-1.174999
-1.170488
-1.165978
-1.161467
-1.156957
-1.152446
-1.147936
-1.143425
-1.138915
-1.134404
-1.129893
-1.125383
-1.120872
-1.116362
-1.111851
-1.107341
-1.102830
-1.098320
-1.093809
-1.089299
-1.084788
-1.080277
-1.075767
-1.071256
-1.066746
-1.062235
-1.057725
-1.053214
-1.048704
-1.044193
-1.039682
-1.035172
-1.030661
-1.026151
-1.021640
-1.017130
-1.012619
-1.008109
-1.003598
-0.999087
-0.994577
-0.990066
-0.985556
-0.981045
-0.976535
-0.972024
-0.967514
-0.963003
-0.958492
-0.953982
-0.949471
-0.944961
-0.940450
-0.935940
-0.931429
-0.926919
-0.922408
-0.917897
-0.913387
-0.908876
-0.904366
-0.899855
-0.895345
-0.890834
-0.886324
-0.881813
-0.877303
-0.872792
-0.868281
-0.863771
-0.859260
-0.854750
-0.850239
-0.845729
-0.841218
-0.836708
-0.832197
-0.827686
-0.823176
-0.818665
-0.814155
-0.809644
-0.805134
-0.800623
-0.796113
-0.791602
-0.787091
-0.782581
-0.778070
-0.773560
-0.769049
-0.764539
-0.760028
-0.755518
-0.751007
-0.746496
-0.741986
-0.737475
-0.732965
-0.728454
-0.723944
-0.719433
-0.714923
-0.710412
-0.705902
-0.701391
-0.696880
-0.692370
-0.687859
-0.683349
-0.678838
-0.674328
-0.669817
-0.665307
-0.660796
-0.656285
-0.651775
-0.647264
-0.642754
-0.638243
-0.633733
-0.629222
-0.624712
-0.620201
-0.615690
-0.611180
-0.606669
-0.602159
-0.597648
-0.593138
-0.588627
-0.584117
-0.579606
-0.575095
-0.570585
-0.566074
-0.561564
-0.557053
-0.552543
-0.548032
-0.543522
-0.539011
-0.534501
-0.529990
-0.525479
-0.520969
-0.516458
-0.511948
-0.507437
-0.502927
-0.498416
-0.493906
-0.489395
-0.484884
-0.480374
-0.475863
-0.471353
-0.466842
-0.462332
-0.457821
-0.453311
-0.448800
-0.444289
-0.439779
-0.435268
-0.430758
-0.426247
-0.421737
-0.417226
-0.412716
-0.408205
-0.403694
-0.399184
-0.394673
-0.390163
-0.385652
-0.381142
-0.376631
-0.372121
-0.367610
-0.363100
-0.358589
-0.354078
-0.349568
-0.345057
-0.340547
-0.336036
-0.331526
-0.327015
-0.322505
-0.317994
-0.313483
-0.308973
-0.304462
-0.299952
-0.295441
-0.290931
-0.286420
-0.281910
-0.277399
-0.272888
-0.268378
-0.263867
-0.259357
-0.254846
-0.250336
-0.245825
-0.241315
-0.236804
-0.232293
-0.227783
-0.223272
-0.218762
-0.214251
-0.209741
-0.205230
-0.200720
-0.196209
-0.191698
-0.187188
-0.182677
-0.178167
-0.173656
-0.169146
-0.164635
-0.160125
-0.155614
-0.151104
-0.146593
-0.142082
-0.137572
-0.133061
-0.128551
-0.124040
-0.119530
-0.115019
-0.110509
-0.105998
-0.101487
-0.096977
-0.092466
-0.087956
-0.083445
-0.078935
-0.074424
-0.069914
-0.065403
-0.060892
-0.056382
-0.051871
-0.047361
-0.042850
-0.038340
-0.033829
-0.029319
-0.024808
-0.020297
-0.015787
-0.011276
-0.006766
-0.002255
0.002255
0.006766
0.011276
0.015787
0.020297
0.024808
0.029319
0.033829
0.038340
0.042850
0.047361
0.051871
0.056382
0.060892
0.065403
0.069914
0.074424
0.078935
0.083445
0.087956
0.092466
0.096977
0.101487
0.105998
0.110509
0.115019
0.119530
0.124040
0.128551
0.133061
0.137572
0.142082
0.146593
0.151104
0.155614
0.160125
0.164635
0.169146
0.173656
0.178167
0.182677
0.187188
0.191698
0.196209
0.200720
0.205230
0.209741
0.214251
0.218762
0.223272
0.227783
0.232293
0.236804
0.241315
0.245825
0.250336
0.254846
0.259357
0.263867
0.268378
0.272888
0.277399
0.281910
0.286420
0.290931
0.295441
0.299952
0.304462
0.308973
0.313483
0.317994
0.322505
0.327015
0.331526
0.336036
0.340547
0.345057
0.349568
0.354078
0.358589
0.363100
0.367610
0.372121
0.376631
0.381142
0.385652
0.390163
0.394673
0.399184
0.403694
0.408205
0.412716
0.417226
0.421737
0.426247
0.430758
0.435268
0.439779
0.444289
0.448800
0.453311
0.457821
0.462332
0.466842
0.471353
0.475863
0.480374
0.484884
0.489395
0.493906
0.498416
0.502927
0.507437
0.511948
0.516458
0.520969
0.525479
0.529990
0.534501
0.539011
0.543522
0.548032
0.552543
0.557053
0.561564
0.566074
0.570585
0.575095
0.579606
0.584117
0.588627
0.593138
0.597648
0.602159
0.606669
0.611180
0.615690
0.620201
0.624712
0.629222
0.633733
0.638243
0.642754
0.647264
0.651775
0.656285
0.660796
0.665307
0.669817
0.674328
0.678838
0.683349
0.687859
0.692370
0.696880
0.701391
0.705902
0.710412
0.714923
0.719433
0.723944
0.728454
0.732965
0.737475
0.741986
0.746496
0.751007
0.755518
0.760028
0.764539
0.769049
0.773560
0.778070
0.782581
0.787091
0.791602
0.796113
0.800623
0.805134
0.809644
0.814155
0.818665
0.823176
0.827686
0.832197
0.836708
0.841218
0.845729
0.850239
0.854750
0.859260
0.863771
0.868281
0.872792
0.877303
0.881813
0.886324
0.890834
0.895345
0.899855
0.904366
0.908876
0.913387
0.917897
0.922408
0.926919
0.931429
0.935940
0.940450
0.944961
0.949471
0.953982
0.958492
0.963003
0.967514
0.972024
0.976535
0.981045
0.985556
0.990066
0.994577
0.999087
1.003598
1.008109
1.012619
1.017130
1.021640
1.026151
1.030661
1.035172
1.039682
1.044193
1.048704
1.053214
1.057725
1.062235
1.066746
1.071256
1.075767
1.080277
1.084788
1.089299
1.093809
1.098320
1.102830
1.107341
1.111851
1.116362
1.120872
1.125383
1.129893
1.134404
1.138915
1.143425
1.147936
1.152446
1.156957
1.161467
1.165978
1.170488
1.174999
1.179510
1.184020
1.188531
1.193041
1.197552
1.202062
1.206573
1.211083
1.215594
1.220105
1.224615
1.229126
1.233636
1.238147
1.242657
1.247168
1.251678
1.256189
1.260700
1.265210
1.269721
1.274231
1.278742
1.283252
1.287763
1.292273
1.296784
1.301294
1.305805
1.310316
1.314826
1.319337
1.323847
1.328358
1.332868
1.337379
1.341889
1.346400
1.350911
1.355421
1.359932
1.364442
1.368953
1.373463
1.377974
1.382484
1.386995
1.391506
1.396016
1.400527
1.405037
1.409548
1.414058
1.418569
1.423079
1.427590
1.432101
1.436611
1.441122
1.445632
1.450143
1.454653
1.459164
1.463674
1.468185
1.472695
1.477206
1.481717
1.486227
1.490738
1.495248
1.499759
1.504269
1.508780
1.513290
1.517801
1.522312
1.526822
1.531333
1.535843
1.540354
1.544864
1.549375
1.553885
1.558396
1.562907
1.567417
1.571928
1.576438
1.580949
1.585459
1.589970
1.594480
1.598991
1.603502
1.608012
1.612523
1.617033
1.621544
1.626054
1.630565
1.635075
1.639586
1.644096
1.648607
1.653118
1.657628
1.662139
1.666649
1.671160
1.675670
1.680181
1.684691
1.689202
1.693713
1.698223
1.702734
1.707244
1.711755
1.716265
1.720776
1.725286
1.729797
