0.000003
0.000004
0.000004
0.000004
0.000005
0.000005
0.000006
0.000006
0.000006
0.000007
0.000008
0.000008
0.000009
0.000010
0.000010
0.000011
0.000012
0.000013
0.000014
0.000015
0.000017
0.000018
0.000019
0.000021
0.000023
0.000025
0.000027
0.000029
0.000031
0.000034
0.000036
0.000039
0.000043
0.000046
0.000050
0.000054
0.000059
0.000063
0.000069
0.000074
0.000080
0.000087
0.000094
0.000102
0.000110
0.000119
0.000129
0.000139
0.000151
0.000163
0.000176
0.000191
0.000206
0.000223
0.000241
0.000261
0.000283
0.000306
0.000331
0.000358
0.000387
0.000419
0.000453
0.000491
0.000531
0.000574
0.000621
0.000672
0.000727
0.000787
0.000851
0.000921
0.000996
0.001078
0.001166
0.001262
0.001365
0.001477
0.001598
0.001729
0.001871
0.002024
0.002190
0.002369
0.002563
0.002773
0.003000
0.003246
0.003512
0.003800
0.004111
0.004448
0.004812
0.005207
0.005633
0.006095
0.006594
0.007134
0.007718
0.008351
0.009035
0.009775
0.010576
0.011442
0.012380
0.013394
0.014491
0.015678
0.016963
0.018352
0.019856
0.021483
0.023242
0.025147
0.027207
0.029436
0.031847
0.034456
0.037279
0.040333
0.043637
0.047212
0.051079
0.055264
0.059791
0.064690
0.069989
0.075723
